
//读取主节点版本相关信息
C3 86 11 34 57 71 30 39 49 AF 68 B0 FF 00

//启动网络维护	afn_11_F101
68 0F 00 4A 00 00 00 00 00 10 11 10 0C 87 16

//重启路由		afn_11_F102
68 0F 00 4A 00 00 00 00 00 10 11 20 0C 97 16


//主节点afn_F0功能码解释

//afn_F0_F1 设置串口通信速率
68 14 00 41 00 00 04 00 00 30 F0 01 00 BC FE 51 09 01 7B 16 //设置串口通信速率为115200
68 14 00 41 00 00 04 00 00 30 F0 01 00 BC FE 51 09 00 7A 16 //设置串口通信速率为9600

//afn_F0_F2 主节点关键字HOST参数
68 13 00 41 00 00 04 00 00 30 F0 02 00 BC FE 51 09 7B 16

//afn_F0_F3 调试信息配置
68 17 00 41 00 00 04 00 00 30 F0 04 00 BC FE 51 09 00 00 00 e8 65 16 //开启printf
68 17 00 41 00 00 04 00 00 30 F0 04 00 BC FE 51 09 00 00 00 00 7d 16 //关闭所有调试信息输出

//afn_F0_F4 工作模式配置
未实现

//afn_F0_F5 读取组网信息	
68 13 00 41 00 00 04 00 00 30 F0 10 00 BC FE 51 09 89 16

//afn_F0_F6 读取时钟	
68 13 00 41 00 00 04 00 00 30 F0 20 00 BC FE 51 09 99 16

//afn_F0_F7 读取000000000001节点路由信息	
68 19 00 41 00 00 04 00 00 30 F0 40 00 BC FE 51 09 02 00 00 00 00 00 BB 16

//afn_F0_F8 读取从序号1开始读取10个未入网节点	
68 16 00 41 00 00 04 00 00 30 F0 80 00 BC FE 51 09 01 00 0A 04 16

//afn_F0_F9 读取维护失败节点信息	
68 15 00 41 00 00 04 00 00 30 F0 01 01 BC FE 51 09 00 00 7B 16


//配置调试开关可以输出错误码信息，RF收发信息，路由表调用信息
//关闭所有调试信息输出
68 17 00 41 00 00 04 00 00 30 F0 04 00 BC FE 51 09 00 00 00 00 7d 16
//开启printf	afn_F0_F3
68 17 00 41 00 00 04 00 00 30 F0 04 00 BC FE 51 09 00 00 00 e8 65 16
//不打印无线收发数据
68 17 00 41 00 00 04 00 00 30 F0 04 00 BC FE 51 09 00 00 00 68 E5 16




41CD01ffff 211209908778 aaaaaaaaaaaa 3c 211209908778 aaaaaaaaaaaa 01 010104



41 CD 88 EE EE AA AA AA AA AA AA 21 12 09 90 87 78 3C AA AA AA AA AA AA 21 12 09 90 87 78 01 01 01 04 91 94 55 27 11 00 02 EE EE EE EE 47 42 01 02 09 01 01 00   60   00    27 00    00 10   00
60：表征场强门限
00：表征信道组号
2700：表征时隙号和层次号
0010：网络容量，我们的节点固定为0010
00：网络路径数目



41CD01ffff 211209908778 aaaaaaaaaaaa 3c 211209908778 aaaaaaaaaaaa 01 010104
将211209908778 替换成目标地址，两个都要替换
目标地址为低前序
